# Connect Four Opening Book
# Format: sequence winner
# sequence: string of column numbers (1-indexed)
# winner: 1 for Player 1, 2 for Player 2, 0 for draw

44444156666432222335756555773361311112277 1
44444432655552313337622625352766116777711
4444422224536766626555573172311133356117 1
443234463355 1
44325634544655332334171777775666 2
444441363322 1
4435544223312234336664221776655557 2
44355444645567667336 1
4435543445333721251773755422 1
4443443373233756655 1
436553552332644 1
4443454456323355766 1
43655443554476363 1
452334425355364222362 1
436554453652466633221 1
436553545546633 1
4364455536524233275412111 1
4444443256557265655633 1
23133223532122561355676166757775671144 2
362444434755555562271143333777666167211212 2
654464476632254557745566222211111133 2
23676266121311442555 2
14463574242122133315 2
65666555653144336111475441137774773322 2
5355673261445433424222332554177766 2
366324335525566322377225644177 2
12223544524472214467666773333655 2
12333225511365256444 2
1454453354337415366667 2
23443453674323342227765566 2
652135332622365116612531312554467777 2
462325544433322243234171711655677 1
363355553624266445331225144411122177 2

